-0.86666667	-0.46666667	-0.04816873
-0.86666667	-0.33333333	-0.06214894
-0.86666667	-0.20000000	-0.06402254
-0.86666667	-0.06666667	-0.02146788
-0.86666667	0.06666667	0.02146788
-0.86666667	0.20000000	0.04392172
-0.86666667	0.33333333	0.06886138
-0.86666667	0.46666667	0.06159362
-0.73333333	-0.60000000	-0.11010209
-0.73333333	-0.46666667	-0.13052599
-0.73333333	-0.33333333	-0.11691628
-0.73333333	-0.20000000	-0.09055114
-0.73333333	-0.06666667	-0.03036338
-0.73333333	0.06666667	0.03036338
-0.73333333	0.20000000	0.07882289
-0.73333333	0.33333333	0.13034117
-0.73333333	0.46666667	0.17751311
-0.73333333	0.60000000	0.13149436
-0.60000000	-0.73333333	-0.13983105
-0.60000000	-0.60000000	-0.30989315
-0.60000000	-0.46666667	-0.24692906
-0.60000000	-0.33333333	-0.17957649
-0.60000000	-0.20000000	-0.10903418
-0.60000000	-0.06666667	-0.03656106
-0.60000000	0.06666667	0.03656106
-0.60000000	0.20000000	0.10903662
-0.60000000	0.33333333	0.17957459
-0.60000000	0.46666667	0.24692416
-0.60000000	0.60000000	0.22308946
-0.60000000	0.73333333	0.10824581
-0.46666667	-0.86666667	-0.13285243
-0.46666667	-0.73333333	-0.24944184
-0.46666667	-0.60000000	-0.35409579
-0.46666667	-0.46666667	-0.28215155
-0.46666667	-0.33333333	-0.20519151
-0.46666667	-0.20000000	-0.12458619
-0.46666667	-0.06666667	-0.04177592
-0.46666667	0.06666667	0.04177592
-0.46666667	0.20000000	0.12458962
-0.46666667	0.33333333	0.20518880
-0.46666667	0.46666667	0.28214465
-0.46666667	0.60000000	0.26599437
-0.46666667	0.73333333	0.20989379
-0.46666667	0.86666667	0.12055790
-0.33333333	-0.86666667	-0.28196788
-0.33333333	-0.73333333	-0.37100276
-0.33333333	-0.60000000	-0.40459647
-0.33333333	-0.46666667	-0.32238983
-0.33333333	-0.33333333	-0.23445462
-0.33333333	-0.20000000	-0.14235538
-0.33333333	-0.06666667	-0.04773424
-0.33333333	0.06666667	0.04773424
-0.33333333	0.20000000	0.14235808
-0.33333333	0.33333333	0.23445261
-0.33333333	0.46666667	0.32238449
-0.33333333	0.60000000	0.34885939
-0.33333333	0.73333333	0.34477708
-0.33333333	0.86666667	0.27233783
-0.20000000	-0.86666667	-0.44031018
-0.20000000	-0.73333333	-0.50209798
-0.20000000	-0.60000000	-0.46229832
-0.20000000	-0.46666667	-0.36836498
-0.20000000	-0.33333333	-0.26788996
-0.20000000	-0.20000000	-0.16265883
-0.20000000	-0.06666667	-0.05454235
-0.20000000	0.06666667	0.05454235
-0.20000000	0.20000000	0.16266010
-0.20000000	0.33333333	0.26788942
-0.20000000	0.46666667	0.36836281
-0.20000000	0.60000000	0.44999686
-0.20000000	0.73333333	0.49881976
-0.20000000	0.86666667	0.43949063
-0.06666667	-0.86666667	-0.50311198
-0.06666667	-0.73333333	-0.57371262
-0.06666667	-0.60000000	-0.52823630
-0.06666667	-0.46666667	-0.42090518
-0.06666667	-0.33333333	-0.30609932
-0.06666667	-0.20000000	-0.18585899
-0.06666667	-0.06666667	-0.06232177
-0.06666667	0.06666667	0.06232177
-0.06666667	0.20000000	0.18586044
-0.06666667	0.33333333	0.30609870
-0.06666667	0.46666667	0.42090269
-0.06666667	0.60000000	0.51418028
-0.06666667	0.73333333	0.56996683
-0.06666667	0.86666667	0.50217553
0.06666667	-0.86666667	-0.57487125
0.06666667	-0.73333333	-0.65554171
0.06666667	-0.60000000	-0.60357908
0.06666667	-0.46666667	-0.48093923
0.06666667	-0.33333333	-0.34975852
0.06666667	-0.20000000	-0.21236821
0.06666667	-0.06666667	-0.07121077
0.06666667	0.06666667	0.07121077
0.06666667	0.20000000	0.21236986
0.06666667	0.33333333	0.34975781
0.06666667	0.46666667	0.48093639
0.06666667	0.60000000	0.58751823
0.06666667	0.73333333	0.65126166
0.06666667	0.86666667	0.57380123
0.20000000	-0.86666667	-0.49074485
0.20000000	-0.73333333	-0.65460839
0.20000000	-0.60000000	-0.68967612
0.20000000	-0.46666667	-0.54954577
0.20000000	-0.33333333	-0.39965143
0.20000000	-0.20000000	-0.24265972
0.20000000	-0.06666667	-0.08136804
0.20000000	0.06666667	0.08136804
0.20000000	0.20000000	0.24266393
0.20000000	0.33333333	0.39964875
0.20000000	0.46666667	0.54953790
0.20000000	0.60000000	0.62034534
0.20000000	0.73333333	0.62645076
0.20000000	0.86666667	0.48087126
0.33333333	-0.86666667	-0.49365207
0.33333333	-0.73333333	-0.72253862
0.33333333	-0.60000000	-0.78804455
0.33333333	-0.46666667	-0.62792711
0.33333333	-0.33333333	-0.45665349
0.33333333	-0.20000000	-0.27727039
0.33333333	-0.06666667	-0.09297360
0.33333333	0.06666667	0.09297360
0.33333333	0.20000000	0.27727500
0.33333333	0.33333333	0.45665062
0.33333333	0.46666667	0.62791856
0.33333333	0.60000000	0.70183857
0.33333333	0.73333333	0.68909221
0.33333333	0.86666667	0.48231533
0.46666667	-0.86666667	-0.32114667
0.46666667	-0.73333333	-0.79093462
0.46666667	-0.60000000	-0.90044224
0.46666667	-0.46666667	-0.71748681
0.46666667	-0.33333333	-0.52178497
0.46666667	-0.20000000	-0.31681740
0.46666667	-0.06666667	-0.10623440
0.46666667	0.06666667	0.10623440
0.46666667	0.20000000	0.31682219
0.46666667	0.33333333	0.52178204
0.46666667	0.46666667	0.71747794
0.46666667	0.60000000	0.80070358
0.46666667	0.73333333	0.75466922
0.46666667	0.86666667	0.30924614
0.60000000	-0.73333333	-0.52405940
0.60000000	-0.60000000	-0.73674803
0.60000000	-0.46666667	-0.55951921
0.60000000	-0.33333333	-0.45093722
0.60000000	-0.20000000	-0.35236267
0.60000000	-0.06666667	-0.11815336
0.60000000	0.06666667	0.11815336
0.60000000	0.20000000	0.30862846
0.60000000	0.33333333	0.52122163
0.60000000	0.46666667	0.73024882
0.60000000	0.60000000	0.63463980
0.60000000	0.73333333	0.42550794
0.73333333	-0.60000000	-0.26741969
0.73333333	-0.46666667	-0.33293072
0.73333333	-0.33333333	-0.36046307
0.73333333	-0.20000000	-0.37506649
0.73333333	-0.06666667	-0.12576634
0.73333333	0.06666667	0.12576634
0.73333333	0.20000000	0.27509560
0.73333333	0.33333333	0.47087108
0.73333333	0.46666667	0.65346712
0.73333333	0.60000000	0.39284011
0.86666667	-0.46666667	-0.14432093
0.86666667	-0.33333333	-0.24435298
0.86666667	-0.20000000	-0.32798313
0.86666667	-0.06666667	-0.10997847
0.86666667	0.06666667	0.10997847
0.86666667	0.20000000	0.18218505
0.86666667	0.33333333	0.29516421
0.86666667	0.46666667	0.23715783
